{
  "MAE_x": 22.033413888069987,
  "MAE_y": 26.47577746553272,
  "MAE_z": 18.348759219388665,
  "MAE_amplitude": 22.031085530771314,
  "MAE_position": 22.285983524330458,
  "MAE_x2": 22.031085530771314,
  "MAE_y2": 26.439392451247574,
  "MAE_z2": 18.325715441903473,
  "MAE_position2": 22.26539780797412,
  "MSE_x": 1261.8917607643234,
  "MSE_y": 1862.8819661396362,
  "MSE_z": 851.1505349591021,
  "MSE_amplitude": 1261.8835260753426,
  "MSE_position": 1325.3080872876874,
  "MSE_x2": 1261.8835260753426,
  "MSE_y2": 1870.9354855440392,
  "MSE_z2": 851.1505349591021,
  "MSE_position2": 1329.16833274777
}