{
  "MAE_x": 22.003571700286866,
  "MAE_y": 27.218115403556823,
  "MAE_z": 18.999662612342835,
  "MAE_amplitude": 22.045283563804627,
  "MAE_position": 22.740449905395508,
  "MSE_x": 1230.6221307338137,
  "MSE_y": 1799.5419586416442,
  "MSE_z": 833.1328029049475,
  "MSE_amplitude": 1238.6573270023341,
  "MSE_position": 1287.7656307601353
}