{
  "MAE_x": 4.156276396477595,
  "MAE_y": 4.379020883359015,
  "MAE_z": 4.485358787205815,
  "MAE_amplitude": 4.23642955250442,
  "MAE_radius": 4.339864544264972,
  "MAE_position": 4.340218689014141,
  "MSE_x": 36.97667081702338,
  "MSE_y": 39.122240740497375,
  "MSE_z": 40.8342922564484,
  "MSE_amplitude": 38.37476689542254,
  "MSE_radius": 38.36564721945532,
  "MSE_position": 38.97773460465638
}