{
  "MAE_x": 3.269492940711975,
  "MAE_y": 3.967460272216797,
  "MAE_z": 7.238859580516815,
  "MAE_amplitude": 0.7565824108064174,
  "MAE_position": 4.82527093114853,
  "MSE_x": 18.034009537931595,
  "MSE_y": 24.332828178989967,
  "MSE_z": 66.1379272233521,
  "MSE_amplitude": 1.1123740916594538,
  "MSE_position": 36.16825498009122
}