{
  "MAE_x": 2.1715591495513915,
  "MAE_y": 2.3539538522720336,
  "MAE_z": 2.154120193004608,
  "MAE_amplitude": 0.5885768454253674,
  "MAE_position": 2.2265443982760114,
  "MSE_x": 7.951683122465187,
  "MSE_y": 9.683729282971509,
  "MSE_z": 8.028272653297092,
  "MSE_amplitude": 0.6991505445072499,
  "MSE_position": 8.554561686244597
}