{
  "MAE_x": 3.8193323375701906,
  "MAE_y": 4.342403870010376,
  "MAE_z": 3.7224634325027464,
  "MAE_position": 3.961399880027771,
  "MSE_x": 42.580617346744404,
  "MSE_y": 66.81561179775197,
  "MSE_z": 41.68080610904379,
  "MSE_position": 50.359011751180056
}