{
  "MAE_x": 3.6191866212844848,
  "MAE_y": 3.9553431800842285,
  "MAE_z": 3.5454312059402464,
  "MAE_amplitude": 0.3223468572702259,
  "MAE_position": 3.706653669102987,
  "MSE_x": 47.20995135288838,
  "MSE_y": 65.43209900161357,
  "MSE_z": 43.981274741952376,
  "MSE_amplitude": 0.30818231880816377,
  "MSE_position": 52.20777503215144
}