{
  "MAE_x": 3.754532417297363,
  "MAE_y": 4.179363976860047,
  "MAE_z": 3.5470448046684266,
  "MAE_amplitude": 0.32875273748058825,
  "MAE_radius": 0.7725461097165942,
  "MAE_position": 3.826980399608612,
  "MSE_x": 42.788083686478835,
  "MSE_y": 60.15800920077282,
  "MSE_z": 38.6753256509798,
  "MSE_amplitude": 0.31870653125263265,
  "MSE_radius": 1.1389125268860307,
  "MSE_position": 47.20713951274382
}