{
  "MAE_x": 3.819332950592041,
  "MAE_y": 4.3424036445617675,
  "MAE_z": 3.7224642245292663,
  "MAE_amplitude": 0.3251899249489419,
  "MAE_radius": 0.7648330928862095,
  "MAE_position": 3.961400273227692,
  "MSE_x": 42.58061911778938,
  "MSE_y": 66.81558932448351,
  "MSE_z": 41.680827244406586,
  "MSE_amplitude": 0.3129514130203258,
  "MSE_radius": 1.1141107275494437,
  "MSE_position": 50.35901189555983
}