{
  "MAE_x": 4.333729269218445,
  "MAE_y": 4.772417253875733,
  "MAE_z": 4.100436091518402,
  "MAE_amplitude": 0.39440850834473967,
  "MAE_radius": 0.8433844272047282,
  "MAE_position": 4.40219420487086,
  "MAPE_x": 100.60384104736531,
  "MAPE_y": 67.1782830861916,
  "MAPE_z": 512.4507765819627,
  "MAPE_amplitude": 36.35812639054721,
  "MAPE_radius": 17.805772093625723,
  "MAPE_position": 226.74430023850655,
  "MSE_x": 49.101968386073345,
  "MSE_y": 64.72296443021659,
  "MSE_z": 45.439316976090446,
  "MSE_amplitude": 0.36949635246968404,
  "MSE_radius": 1.2795270234454736,
  "MSE_position": 53.088083264126794
}