{
  "MAE_x": 30.130518822771304,
  "MAE_y": 34.48214082471058,
  "MAE_z": 22.8418746694088,
  "MAE_radius": 4.814865562321148,
  "MAE_amplitude": 364.660449307251,
  "MAE_position": 29.151511438963556,
  "MSE_x": 1229.4583723081853,
  "MSE_y": 1715.5227480393928,
  "MSE_z": 743.567554953094,
  "MSE_radius": 30.940013759382918,
  "MSE_amplitude": 166526.9935611881,
  "MSE_position": 1229.5162251002241
}