{
  "MAE_x": 5.392376873350144,
  "MAE_y": 6.22951516115889,
  "MAE_z": 5.281199430066347,
  "MAE_radius": 1.0028280385555601,
  "MAE_amplitude": 67.45886727542877,
  "MAE_position": 5.6343638215251275,
  "MSE_x": 81.71801710280428,
  "MSE_y": 117.50246804330368,
  "MSE_z": 74.85957325530708,
  "MSE_radius": 1.8970622085083935,
  "MSE_amplitude": 11269.642760609904,
  "MSE_position": 91.36001946713834
}