{
  "MAE_x": 5.3951926626905795,
  "MAE_y": 5.534208599177003,
  "MAE_z": 6.264782647663355,
  "MAE_position": 5.731394636510313,
  "MSE_x": 63.532725657967376,
  "MSE_y": 64.43275631016725,
  "MSE_z": 79.95196140583488,
  "MSE_position": 69.30581445798983
}