{
  "MAE_x": 5.600536700489372,
  "MAE_y": 5.680053015531599,
  "MAE_z": 6.325067852821946,
  "MAE_position": 5.868552522947639,
  "MSE_x": 69.37854846136362,
  "MSE_y": 70.75256046034428,
  "MSE_z": 82.98747664343092,
  "MSE_position": 74.37286185504627
}