{
  "MAE_x": 4.333729256790878,
  "MAE_y": 4.772417195688933,
  "MAE_z": 4.1004361383974555,
  "MAE_amplitude": 0.959177378600922,
  "MAE_radius": 0.8433844292232306,
  "MAE_position": 4.40219419695909,
  "MSE_x": 49.101967890177875,
  "MSE_y": 64.72296343757644,
  "MSE_z": 45.439319779075625,
  "MSE_amplitude": 1.1051587943745511,
  "MSE_radius": 1.2795270272265946,
  "MSE_position": 53.08808370227664
}