{
  "MAE_x": 3.0279597315311433,
  "MAE_y": 3.093656753110886,
  "MAE_z": 6.143021107023954,
  "MAE_position": 4.088212530555328,
  "MSE_x": 14.339380007450272,
  "MSE_y": 14.705089220086135,
  "MSE_z": 52.318630728329104,
  "MSE_position": 27.121033318621837
}