{
  "MAE_x": 22.648722707939147,
  "MAE_y": 28.28570798664093,
  "MAE_z": 19.6276348490715,
  "MAE_amplitude": 0.4260907174617052,
  "MAE_position": 23.520688514550525,
  "MAE_x2": 22.78947376232147,
  "MAE_y2": 28.08917909221649,
  "MAE_z2": 19.766961859989166,
  "MAE_amplitude2": 0.4261346238821745,
  "MAE_position2": 23.54853823817571,
  "MSE_x": 1238.942187598464,
  "MSE_y": 1836.8236449305139,
  "MSE_z": 845.6666976851814,
  "MSE_amplitude": 0.33441691924651196,
  "MSE_position": 1307.144176738053,
  "MSE_x2": 1247.0951902707234,
  "MSE_y2": 1821.7849729871186,
  "MSE_z2": 845.6666976851814,
  "MSE_amplitude2": 0.33448084914791754,
  "MSE_position2": 1305.0109114240383
}