{
  "MAE_x": 1.3475642425537109,
  "MAE_y": 1.4481715801239015,
  "MAE_z": 1.4198664372444152,
  "MAE_amplitude": 0.5386642847180366,
  "MAE_position": 1.4052007533073425,
  "MSE_x": 3.4377722157500017,
  "MSE_y": 3.859902220563956,
  "MSE_z": 3.8615008867965117,
  "MSE_amplitude": 0.6498914579316352,
  "MSE_position": 3.7197251077034896
}