{
  "MAE_x": 0.6445505130538717,
  "MAE_y": 0.6648189835190773,
  "MAE_z": 0.6781031089544296,
  "MAE_position": 0.6624908685091262,
  "MSE_x": 0.7468898038814086,
  "MSE_y": 0.7752744161587665,
  "MSE_z": 0.8241643669071392,
  "MSE_position": 0.7821095289824381
}